[mar ago  8 07:31:51 2023] [   1889]  1000  1889   160583     1842   335872        0             0 tracker-miner-f
[mar ago  8 07:31:51 2023] [   1900]  1000  1900    81214      492   126976        0             0 gvfs-udisks2-vo
[mar ago  8 07:31:51 2023] [   1904]  1000  1904    42770      135    98304        0             0 gdm-x-session
[mar ago  8 07:31:51 2023] [   1906]  1000  1906  1872782    19875   905216        0             0 Xorg
[mar ago  8 07:31:51 2023] [   1909]  1000  1909    80963      268   118784        0             0 gvfs-afc-volume
[mar ago  8 07:31:51 2023] [   1914]  1000  1914    61473      172   110592        0             0 gvfs-goa-volume
[mar ago  8 07:31:51 2023] [   1918]  1000  1918   182750    12492   385024        0             0 goa-daemon
[mar ago  8 07:31:51 2023] [   1925]  1000  1925    86763      490   155648        0             0 goa-identity-se
[mar ago  8 07:31:51 2023] [   1927]  1000  1927    61550      203   106496        0             0 gvfs-gphoto2-vo
[mar ago  8 07:31:51 2023] [   1935]  1000  1935    61278      147   106496        0             0 gvfs-mtp-volume
[mar ago  8 07:31:51 2023] [   2033]  1000  2033    62321      170   110592        0             0 gnome-keyring-d
[mar ago  8 07:31:51 2023] [   2059]  1000  2059    19036      438   122880        0             0 snapd-desktop-i
[mar ago  8 07:31:51 2023] [   2132]  1000  2132   187564     4574   471040        0             0 snapd-desktop-i
[mar ago  8 07:31:51 2023] [   2133]  1000  2133    57923      445   151552        0             0 gnome-session-b
[mar ago  8 07:31:51 2023] [   2217]  1000  2217    77478      182   106496        0             0 at-spi-bus-laun
[mar ago  8 07:31:51 2023] [   2223]  1000  2223     2140      120    57344        0             0 dbus-daemon
[mar ago  8 07:31:51 2023] [   2247]  1000  2247    25140      108    94208        0             0 gnome-session-c
[mar ago  8 07:31:51 2023] [   2256]  1000  2256   166876      770   204800        0             0 gnome-session-b
[mar ago  8 07:31:51 2023] [   2278]  1000  2278  1287882    39767  1425408        0             0 gnome-shell
[mar ago  8 07:31:51 2023] [   2303]  1000  2303   199219      978   225280        0             0 gnome-shell-cal
[mar ago  8 07:31:51 2023] [   2311]  1000  2311   156544     3069   258048        0             0 evolution-sourc
[mar ago  8 07:31:51 2023] [   2316]  1000  2316    39412      305    69632        0             0 dconf-service
[mar ago  8 07:31:51 2023] [   2319]  1000  2319    42942      169    98304        0             0 gvfsd-metadata
[mar ago  8 07:31:51 2023] [   2328]  1000  2328   338204     5420   385024        0             0 evolution-calen
[mar ago  8 07:31:51 2023] [   2339]  1000  2339   188693      915   270336        0             0 evolution-addre
[mar ago  8 07:31:51 2023] [   2364]  1000  2364   669428     1348   241664        0             0 gjs
[mar ago  8 07:31:51 2023] [   2366]  1000  2366    40721      198    81920        0             0 at-spi2-registr
[mar ago  8 07:31:51 2023] [   2381]  1000  2381      722       24    45056        0             0 sh
[mar ago  8 07:31:51 2023] [   2382]  1000  2382    79807      146   110592        0             0 gsd-a11y-settin
[mar ago  8 07:31:51 2023] [   2383]  1000  2383   154968     1942   245760        0             0 gsd-color
[mar ago  8 07:31:51 2023] [   2386]  1000  2386    96068      498   184320        0             0 gsd-datetime
[mar ago  8 07:31:51 2023] [   2388]  1000  2388    80182      193   114688        0             0 gsd-housekeepin
[mar ago  8 07:31:51 2023] [   2389]  1000  2389   106015     1821   192512        0             0 gsd-keyboard
[mar ago  8 07:31:51 2023] [   2391]  1000  2391   267659     2081   258048        0             0 gsd-media-keys
[mar ago  8 07:31:51 2023] [   2393]  1000  2393   115081     1974   208896        0             0 gsd-power
[mar ago  8 07:31:51 2023] [   2394]  1000  2394    64626      356   126976        0             0 gsd-print-notif
[mar ago  8 07:31:51 2023] [   2396]  1000  2396   116627      148   126976        0             0 gsd-rfkill
[mar ago  8 07:31:51 2023] [   2399]  1000  2399    80943     1240   126976        0             0 ibus-daemon
[mar ago  8 07:31:51 2023] [   2403]  1000  2403    61235      128   106496        0             0 gsd-screensaver
[mar ago  8 07:31:51 2023] [   2404]  1000  2404   118719      502   151552        0             0 gsd-sharing
[mar ago  8 07:31:51 2023] [   2406]  1000  2406    98712      226   126976        0             0 gsd-smartcard
[mar ago  8 07:31:51 2023] [   2409]  1000  2409    82037      262   131072        0             0 gsd-sound
[mar ago  8 07:31:51 2023] [   2413]  1000  2413    87622     1910   184320        0             0 gsd-wacom
[mar ago  8 07:31:51 2023] [   2414]  1000  2414    88079     2064   184320        0             0 gsd-xsettings
[mar ago  8 07:31:51 2023] [   2445]  1000  2445   224852     4428   421888        0             0 evolution-alarm
[mar ago  8 07:31:51 2023] [   2447]  1000  2447    58066      422    90112        0             0 gsd-disk-utilit
[mar ago  8 07:31:51 2023] [   2461]  1000  2461    80744      190   126976        0             0 indicator-messa
[mar ago  8 07:31:51 2023] [   2472]  1000  2472   179947    25930   471040        0             0 snap-store
[mar ago  8 07:31:51 2023] [   2481]  1000  2481    61522      156   102400        0             0 ibus-dconf
[mar ago  8 07:31:51 2023] [   2484]  1000  2484    70357     2874   180224        0             0 ibus-extension-
[mar ago  8 07:31:51 2023] [   2500]  1000  2500    50726     1802   167936        0             0 ibus-x11
[mar ago  8 07:31:51 2023] [   2504]  1000  2504    61478      159    98304        0             0 ibus-portal
[mar ago  8 07:31:51 2023] [   2509]  1000  2509    87753      453   163840        0             0 gsd-printer
[mar ago  8 07:31:51 2023] [   2625]  1000  2625   669448     1283   241664        0             0 gjs
[mar ago  8 07:31:51 2023] [   2640]  1000  2640    43033      154    94208        0             0 ibus-engine-sim
[mar ago  8 07:31:51 2023] [   2760]     0  2760   100570     1449   212992        0             0 fwupd
[mar ago  8 07:31:51 2023] [   3810]  1000  3810   256602     3733   397312        0             0 gnome-calendar
[mar ago  8 07:31:51 2023] [   3811]  1000  3811   100165     3739   241664        0             0 seahorse
[mar ago  8 07:31:51 2023] [   3832]  1000  3832    80848      250   122880        0             0 gvfsd-trash
[mar ago  8 07:31:51 2023] [   3909]  1000  3909  8608471    17657  1347584        0             0 msedge
[mar ago  8 07:31:51 2023] [   3914]  1000  3914     4291       23    61440        0             0 cat
[mar ago  8 07:31:51 2023] [   3915]  1000  3915     4291       22    65536        0             0 cat
[mar ago  8 07:31:51 2023] [   3917]  1000  3917  8394140       89    65536        0             0 msedge_crashpad
[mar ago  8 07:31:51 2023] [   3919]  1000  3919  8392083       78    61440        0             0 msedge_crashpad
[mar ago  8 07:31:51 2023] [   3925]  1000  3925  8493222     3409   491520        0             0 msedge
[mar ago  8 07:31:51 2023] [   3926]  1000  3926  8493219     3384   503808        0             0 msedge
[mar ago  8 07:31:51 2023] [   3927]  1000  3927  8390895       93    65536        0             0 nacl_helper
[mar ago  8 07:31:51 2023] [   3930]  1000  3930  8493225     3410   233472        0             0 msedge
[mar ago  8 07:31:51 2023] [   4041]  1000  4041  8602098    11827  1183744        0           200 msedge
[mar ago  8 07:31:51 2023] [   4046]  1000  4046  8502090     5413   737280        0           200 msedge
[mar ago  8 07:31:51 2023] [   4056]  1000  4056  8503666     3592   442368        0           200 msedge
[mar ago  8 07:31:51 2023] [   4194]  1000  4194 297798165    20541  1327104        0           300 msedge
[mar ago  8 07:31:51 2023] [   4442]  1000  4442 296737841     5723   806912        0           300 msedge
[mar ago  8 07:31:51 2023] [   4448]  1000  4448 296746113    14960  1036288        0           300 msedge
[mar ago  8 07:31:51 2023] [   4473]  1000  4473 296737688     4221   647168        0           300 msedge
[mar ago  8 07:31:51 2023] [   4575]  1000  4575  8566114     3551   569344        0           200 msedge
[mar ago  8 07:31:51 2023] [   4949]  1000  4949   204457     2754   266240        0             0 update-notifier
[mar ago  8 07:31:51 2023] [   6152]  1000  6152  8501617     3531   430080        0           200 msedge
[mar ago  8 07:31:51 2023] [   6225]  1000  6225   285428     4867   376832        0             0 nautilus
[mar ago  8 07:31:51 2023] [   6251]  1000  6251   229267     3238   335872        0             0 gnome-terminal-
[mar ago  8 07:31:51 2023] [   6272]  1000  6272     6837     1117    90112        0             0 zsh
[mar ago  8 07:31:51 2023] [   6291]  1000  6291     5591      638    65536        0             0 zsh
[mar ago  8 07:31:51 2023] [   6329]  1000  6329     5869      842    61440        0             0 zsh
[mar ago  8 07:31:51 2023] [   6330]  1000  6330     5865      841    61440        0             0 zsh
[mar ago  8 07:31:51 2023] [   6332]  1000  6332      909       46    40960        0             0 gitstatusd-linu
[mar ago  8 07:31:51 2023] [   6389]  1000  6389 294113002     8234   749568        0             0 code
[mar ago  8 07:31:51 2023] [   6391]  1000  6391  8441894     1960   327680        0             0 code
[mar ago  8 07:31:51 2023] [   6392]  1000  6392  8441897     1980   327680        0             0 code
[mar ago  8 07:31:51 2023] [   6404]  1000  6404  8394043       46    57344        0             0 chrome_crashpad
[mar ago  8 07:31:51 2023] [   6464]  1000  6464  8454264     2198   405504        0             0 code
[mar ago  8 07:31:51 2023] [   6490]  1000  6490 296445345    24573  1110016        0           300 code
[mar ago  8 07:31:51 2023] [   6545]  1000  6545  8470090     7147   524288        0             0 code
[mar ago  8 07:31:51 2023] [   6628]  1000  6628 294076697    30003   897024        0             0 code
[mar ago  8 07:31:51 2023] [   6639]  1000  6639 294076513     5094   663552        0             0 code
[mar ago  8 07:31:51 2023] [   6640]  1000  6640 294076658     4200   516096        0             0 code
[mar ago  8 07:31:51 2023] [   6694]  1000  6694 294321103    27804   761856        0             0 code
[mar ago  8 07:31:51 2023] [   6702]  1000  6702 294066163    64908  1204224        0             0 code
[mar ago  8 07:31:51 2023] [   6777]  1000  6777    72589      323   143360        0             0 gvfsd-http
[mar ago  8 07:31:51 2023] [   6839]  1000  6839  4820108  2362625 19836928        0             0 python
[mar ago  8 07:31:51 2023] oom-kill:constraint=CONSTRAINT_NONE,nodemask=(null),cpuset=containerd.service,mems_allowed=0,global_oom,task_memcg=/user.slice/user-1000.slice/user@1000.service/app.slice/app-org.gnome.Terminal.slice/vte-spawn-276b8c1f-f382-46f5-a50c-1a3b3b444964.scope,task=python,pid=6839,uid=1000
[mar ago  8 07:31:51 2023] Out of memory: Killed process 6839 (python) total-vm:19280432kB, anon-rss:9447092kB, file-rss:0kB, shmem-rss:3408kB, UID:1000 pgtables:19372kB oom_score_adj:0
--
[mar ago  8 07:37:36 2023] [   1889]  1000  1889   160583     2304   335872        0             0 tracker-miner-f
[mar ago  8 07:37:36 2023] [   1900]  1000  1900    81214      592   126976        0             0 gvfs-udisks2-vo
[mar ago  8 07:37:36 2023] [   1904]  1000  1904    42770      135    98304        0             0 gdm-x-session
[mar ago  8 07:37:36 2023] [   1906]  1000  1906  1878074    20999   946176        0             0 Xorg
[mar ago  8 07:37:36 2023] [   1909]  1000  1909    80963      268   118784        0             0 gvfs-afc-volume
[mar ago  8 07:37:36 2023] [   1914]  1000  1914    61473      241   110592        0             0 gvfs-goa-volume
[mar ago  8 07:37:36 2023] [   1918]  1000  1918   182750    12492   385024        0             0 goa-daemon
[mar ago  8 07:37:36 2023] [   1925]  1000  1925    86763      490   155648        0             0 goa-identity-se
[mar ago  8 07:37:36 2023] [   1927]  1000  1927    61550      202   106496        0             0 gvfs-gphoto2-vo
[mar ago  8 07:37:36 2023] [   1935]  1000  1935    61278      147   106496        0             0 gvfs-mtp-volume
[mar ago  8 07:37:36 2023] [   2033]  1000  2033    62321      170   110592        0             0 gnome-keyring-d
[mar ago  8 07:37:36 2023] [   2059]  1000  2059    19036      438   122880        0             0 snapd-desktop-i
[mar ago  8 07:37:36 2023] [   2132]  1000  2132   187564     4575   471040        0             0 snapd-desktop-i
[mar ago  8 07:37:36 2023] [   2133]  1000  2133    57923      445   151552        0             0 gnome-session-b
[mar ago  8 07:37:36 2023] [   2217]  1000  2217    77478      182   106496        0             0 at-spi-bus-laun
[mar ago  8 07:37:36 2023] [   2223]  1000  2223     2140      152    57344        0             0 dbus-daemon
[mar ago  8 07:37:36 2023] [   2247]  1000  2247    25140      108    94208        0             0 gnome-session-c
[mar ago  8 07:37:36 2023] [   2256]  1000  2256   166876      769   204800        0             0 gnome-session-b
[mar ago  8 07:37:36 2023] [   2278]  1000  2278  1295839    41363  1499136        0             0 gnome-shell
[mar ago  8 07:37:36 2023] [   2303]  1000  2303   199219      978   225280        0             0 gnome-shell-cal
[mar ago  8 07:37:36 2023] [   2311]  1000  2311   156544     3069   258048        0             0 evolution-sourc
[mar ago  8 07:37:36 2023] [   2316]  1000  2316    39412      304    69632        0             0 dconf-service
[mar ago  8 07:37:36 2023] [   2319]  1000  2319    42942      189    98304        0             0 gvfsd-metadata
[mar ago  8 07:37:36 2023] [   2328]  1000  2328   338204     5420   385024        0             0 evolution-calen
[mar ago  8 07:37:36 2023] [   2339]  1000  2339   188693      915   270336        0             0 evolution-addre
[mar ago  8 07:37:36 2023] [   2364]  1000  2364   669428     1348   241664        0             0 gjs
[mar ago  8 07:37:36 2023] [   2366]  1000  2366    40721      214    81920        0             0 at-spi2-registr
[mar ago  8 07:37:36 2023] [   2381]  1000  2381      722       24    45056        0             0 sh
[mar ago  8 07:37:36 2023] [   2382]  1000  2382    79807      146   110592        0             0 gsd-a11y-settin
[mar ago  8 07:37:36 2023] [   2383]  1000  2383   154968     1984   245760        0             0 gsd-color
[mar ago  8 07:37:36 2023] [   2386]  1000  2386    96068      498   184320        0             0 gsd-datetime
[mar ago  8 07:37:36 2023] [   2388]  1000  2388    80182      193   114688        0             0 gsd-housekeepin
[mar ago  8 07:37:36 2023] [   2389]  1000  2389   106015     1846   192512        0             0 gsd-keyboard
[mar ago  8 07:37:36 2023] [   2391]  1000  2391   267659     2084   258048        0             0 gsd-media-keys
[mar ago  8 07:37:36 2023] [   2393]  1000  2393   115081     1973   208896        0             0 gsd-power
[mar ago  8 07:37:36 2023] [   2394]  1000  2394    64626      372   126976        0             0 gsd-print-notif
[mar ago  8 07:37:36 2023] [   2396]  1000  2396   116627      148   126976        0             0 gsd-rfkill
[mar ago  8 07:37:36 2023] [   2399]  1000  2399    80943     1263   126976        0             0 ibus-daemon
[mar ago  8 07:37:36 2023] [   2403]  1000  2403    61235      128   106496        0             0 gsd-screensaver
[mar ago  8 07:37:36 2023] [   2404]  1000  2404   118719      502   151552        0             0 gsd-sharing
[mar ago  8 07:37:36 2023] [   2406]  1000  2406    98712      226   126976        0             0 gsd-smartcard
[mar ago  8 07:37:36 2023] [   2409]  1000  2409    82037      285   131072        0             0 gsd-sound
[mar ago  8 07:37:36 2023] [   2413]  1000  2413    87622     1932   184320        0             0 gsd-wacom
[mar ago  8 07:37:36 2023] [   2414]  1000  2414    88079     2064   184320        0             0 gsd-xsettings
[mar ago  8 07:37:36 2023] [   2445]  1000  2445   224852     4430   421888        0             0 evolution-alarm
[mar ago  8 07:37:36 2023] [   2447]  1000  2447    58066      472    90112        0             0 gsd-disk-utilit
[mar ago  8 07:37:36 2023] [   2461]  1000  2461    80744      190   126976        0             0 indicator-messa
[mar ago  8 07:37:36 2023] [   2472]  1000  2472   179947    25930   471040        0             0 snap-store
[mar ago  8 07:37:36 2023] [   2481]  1000  2481    61522      156   102400        0             0 ibus-dconf
[mar ago  8 07:37:36 2023] [   2484]  1000  2484    70357     2932   180224        0             0 ibus-extension-
[mar ago  8 07:37:36 2023] [   2500]  1000  2500    50726     1802   167936        0             0 ibus-x11
[mar ago  8 07:37:36 2023] [   2504]  1000  2504    61478      158    98304        0             0 ibus-portal
[mar ago  8 07:37:36 2023] [   2509]  1000  2509    87753      453   163840        0             0 gsd-printer
[mar ago  8 07:37:36 2023] [   2625]  1000  2625   669448     1283   241664        0             0 gjs
[mar ago  8 07:37:36 2023] [   2640]  1000  2640    43033      190    94208        0             0 ibus-engine-sim
[mar ago  8 07:37:36 2023] [   2760]     0  2760   100570     1449   212992        0             0 fwupd
[mar ago  8 07:37:36 2023] [   3810]  1000  3810   256602     3733   397312        0             0 gnome-calendar
[mar ago  8 07:37:36 2023] [   3811]  1000  3811   100165     3739   241664        0             0 seahorse
[mar ago  8 07:37:36 2023] [   3832]  1000  3832    80881      309   122880        0             0 gvfsd-trash
[mar ago  8 07:37:36 2023] [   3909]  1000  3909  8607325    17485  1339392        0             0 msedge
[mar ago  8 07:37:36 2023] [   3914]  1000  3914     4291       23    61440        0             0 cat
[mar ago  8 07:37:36 2023] [   3915]  1000  3915     4291       22    65536        0             0 cat
[mar ago  8 07:37:36 2023] [   3917]  1000  3917  8394140       92    65536        0             0 msedge_crashpad
[mar ago  8 07:37:36 2023] [   3919]  1000  3919  8392083       78    61440        0             0 msedge_crashpad
[mar ago  8 07:37:36 2023] [   3925]  1000  3925  8493222     3409   491520        0             0 msedge
[mar ago  8 07:37:36 2023] [   3926]  1000  3926  8493219     3384   503808        0             0 msedge
[mar ago  8 07:37:36 2023] [   3927]  1000  3927  8390895       93    65536        0             0 nacl_helper
[mar ago  8 07:37:36 2023] [   3930]  1000  3930  8493225     3411   233472        0             0 msedge
[mar ago  8 07:37:36 2023] [   4041]  1000  4041  8607170    11954  1232896        0           200 msedge
[mar ago  8 07:37:36 2023] [   4046]  1000  4046  8502090     5456   737280        0           200 msedge
[mar ago  8 07:37:36 2023] [   4056]  1000  4056  8503666     3575   442368        0           200 msedge
[mar ago  8 07:37:36 2023] [   4194]  1000  4194 297797140    20266  1314816        0           300 msedge
[mar ago  8 07:37:36 2023] [   4442]  1000  4442 296737841     5560   806912        0           300 msedge
[mar ago  8 07:37:36 2023] [   4448]  1000  4448 296746193    16613  1069056        0           300 msedge
[mar ago  8 07:37:36 2023] [   4575]  1000  4575  8566114     3573   569344        0           200 msedge
[mar ago  8 07:37:36 2023] [   4949]  1000  4949   204457     2754   266240        0             0 update-notifier
[mar ago  8 07:37:36 2023] [   6225]  1000  6225   287200     5880   393216        0             0 nautilus
[mar ago  8 07:37:36 2023] [   6251]  1000  6251   229267     3248   335872        0             0 gnome-terminal-
[mar ago  8 07:37:36 2023] [   6272]  1000  6272     6901     1177    90112        0             0 zsh
[mar ago  8 07:37:36 2023] [   6291]  1000  6291     5591      638    65536        0             0 zsh
[mar ago  8 07:37:36 2023] [   6329]  1000  6329     5869      842    61440        0             0 zsh
[mar ago  8 07:37:36 2023] [   6330]  1000  6330     5865      841    61440        0             0 zsh
[mar ago  8 07:37:36 2023] [   6332]  1000  6332      909       46    40960        0             0 gitstatusd-linu
[mar ago  8 07:37:36 2023] [   6389]  1000  6389 294113002     8270   749568        0             0 code
[mar ago  8 07:37:36 2023] [   6391]  1000  6391  8441894     1960   327680        0             0 code
[mar ago  8 07:37:36 2023] [   6392]  1000  6392  8441897     1980   327680        0             0 code
[mar ago  8 07:37:36 2023] [   6404]  1000  6404  8394043       46    57344        0             0 chrome_crashpad
[mar ago  8 07:37:36 2023] [   6464]  1000  6464  8454264     2190   405504        0             0 code
[mar ago  8 07:37:36 2023] [   6490]  1000  6490 296183201    23685  1097728        0           300 code
[mar ago  8 07:37:36 2023] [   6545]  1000  6545  8470090     7147   524288        0             0 code
[mar ago  8 07:37:36 2023] [   6628]  1000  6628 294076697    30153   897024        0             0 code
[mar ago  8 07:37:36 2023] [   6639]  1000  6639 294076513     5286   663552        0             0 code
[mar ago  8 07:37:36 2023] [   6640]  1000  6640 294076658     4204   516096        0             0 code
[mar ago  8 07:37:36 2023] [   6694]  1000  6694 294321103    27817   761856        0             0 code
[mar ago  8 07:37:36 2023] [   6702]  1000  6702 294066163    64915  1204224        0             0 code
[mar ago  8 07:37:36 2023] [   6777]  1000  6777    72589      323   143360        0             0 gvfsd-http
[mar ago  8 07:37:36 2023] [   6937]  1000  6937 296737704     4228   643072        0           300 msedge
[mar ago  8 07:37:36 2023] [   7194]  1000  7194  4820045  2343627 19681280        0             0 python
[mar ago  8 07:37:36 2023] [   7210]  1000  7210   261662     4288   319488        0             0 gnome-system-mo
[mar ago  8 07:37:36 2023] oom-kill:constraint=CONSTRAINT_NONE,nodemask=(null),cpuset=systemd-oomd.service,mems_allowed=0,global_oom,task_memcg=/user.slice/user-1000.slice/user@1000.service/app.slice/app-org.gnome.Terminal.slice/vte-spawn-276b8c1f-f382-46f5-a50c-1a3b3b444964.scope,task=python,pid=7194,uid=1000
[mar ago  8 07:37:36 2023] Out of memory: Killed process 7194 (python) total-vm:19280180kB, anon-rss:9371100kB, file-rss:0kB, shmem-rss:3408kB, UID:1000 pgtables:19220kB oom_score_adj:0
